# This file may be used to create an environment using:
# $ conda create --name <env> --file <this file>
# platform: linux-64
backports=1.0=py27_1
backports.shutil_get_terminal_size=1.0.0=py27_2
backports_abc=0.5=py27_0
bzip2=1.0.6=h470a237_2
ca-certificates=2018.11.29=ha4d7672_0
certifi=2018.11.29=py27_1000
decorator=4.3.0=py27_0
enum34=1.1.6=py27_1
ffmpeg=4.1=ha0c5888_0
freetype=2.9.1=h6debe1e_4
futures=3.2.0=py27_0
gmp=6.1.2=hfc679d8_0
gnutls=3.5.19=h2a4e5f8_1
ipykernel=4.10.0=py27_0
ipython=5.8.0=py27_0
ipython_genutils=0.2.0=py27_0
jupyter_client=5.2.3=py27_0
jupyter_core=4.4.0=py27_0
libedit=3.1.20170329=h6b74fdf_2
libffi=3.2.1=hd88cf55_4
libgcc-ng=8.2.0=hdf63c60_1
libiconv=1.15=h470a237_3
libpng=1.6.36=ha92aebf_0
libsodium=1.0.16=h1bed415_0
libstdcxx-ng=8.2.0=hdf63c60_1
ncurses=6.1=hf484d3e_0
nettle=3.3=0
openh264=1.8.0=hd28b015_0
openssl=1.0.2p=h470a237_1
pathlib2=2.3.2=py27_0
pexpect=4.6.0=py27_0
pickleshare=0.7.5=py27_0
pip=18.1=py27_0
prompt_toolkit=1.0.15=py27_0
ptyprocess=0.6.0=py27_0
pygments=2.2.0=py27_0
python=2.7.15=h33da82c_4
python-dateutil=2.7.5=py27_0
pyzmq=17.1.2=py27h14c3975_0
readline=7.0=h7b6447c_5
scandir=1.9.0=py27h14c3975_0
setuptools=40.5.0=py27_0
simplegeneric=0.8.1=py27_2
singledispatch=3.4.0.3=py27_0
six=1.11.0=py27_1
sqlite=3.25.2=h7b6447c_0
tk=8.6.8=hbc83047_0
tornado=5.1.1=py27h7b6447c_0
traitlets=4.3.2=py27_0
wcwidth=0.1.7=py27_0
wheel=0.32.2=py27_0
x264=1!152.20180717=h470a237_1
zeromq=4.2.5=hf484d3e_1
zlib=1.2.11=ha838bed_2
